$ANSIBLE_VAULT;1.1;AES256
62613632616361623430343766383938663866336134313838333732313662613861613266353430
3364636165396434636161616161326564306162623133610a643166633364326661623561336263
32663639393963623830373361373836656339666437663038373736626635323132316563616463
3439373330323734650a303762363635373035336461356566343039333131623935346263313232
34376364613637613135336662663139643232363838626231636361353065363366616464323538
38623639363736656536613038383735646632303038666439353038323466613837326365336136
30383730663065333166633632346436666461323633643735636337633534363036623233303936
62353566363837353833383835326532316366323636326466633930643331656334643531323062
34653635376438366537333564373230633662323231613063393562353862393862316237623339
32373737356363666463623935656633356338353462666632393065633235656665653536343332
64626535656164373133623234626664376164363436336261333736656336633866313236343932
62383365646562396437326265376164626662313839323564643430383332663136326561376235
61393963333664663636323937383561363565383363306130636331643162643937323031666363
32316134646363643262386233323031626365633037313137623335633734613761633737336263
38336139363935643937623330633536396436343634613161636335356465636138636131393763
64373634633333613239313038333737396434653038346135306630613339366231373137383736
36663733393639636232376665653033366335656637323331643163373130383632323761666631
33346463633062646565363937386138326561326364343532386630396634626132363736626532
34393661623263333462363430363030326238366432653238326332376232346632653839336364
36633666336138306431
